53003260
7479452
18323435
23162259
853104
50372497
45154359
9767819
19380708
21897533
39641434
36463024
1310170
47701390
35177362
5676324
38505001
37267442
25627069
41080209
186062
52163605
20993803
964235
32511649
474145
28494118
20761189
228708
2961541
4997078
27848031
36369021
44223240
906687
53036191
48892222
40407137
18990438
54533
28673276
33581493
13689047
15229995
1087620
37398639
21486951
23802204
43134099
14841968
22110367
53269
55040
45626453
21407333
42915599
6860985
83180
50244670
49298263
4838342
37548387
13130280
14042653
46510047
26908501
47886432
44051208
20967570
16572948
50973939
49432500
30479910
8497343
35365566
38958762
42098138
41935018
52152439
41794512
48213458
30853542
42896319
31561423
18740872
23079882
52118849
28340519
51825553
41801353
2376
30232359
47584519
15960175
52960383
42922366
2167950
7193331
25164474
18561489
18079917
199742
51162839
33542217
1051822
48991063
11448037
4052710
21572906
1622242
410977
377884
4764209
50768750
493885
333819
19841880
47092824
3674
12159101
4754511
9050382
8668396
20858415
4024100
40393655
891854
101035
1078168
29753121
21878487
14232629
37100539
18890086
20772841
26619496
16286032
15448982
2221717
62108
51994814
36305069
48519957
48519455
9470267
178177
146580
38936925
23821454
13454230
13765376
40714424
5764373
12783934
43483964
18345182
167070
5183703
26425820
7087215
35802001
432715
12587713
8022590
229405
40515202
2370744
1367878
143363
18970840
16774
62097
864147
3913827
16191460
38927316
28014952
746663
33955498
2390519
56191
73374
34310242
2050929
19066574
33814994
3144275
34991318
48545523
8199007
40657110
34160448
621955
52568500
12980256
26160789
37854429
20562903
3934344
1212738
2485723
3498598
97104
33114753
26777142
949580
48398731
8633132
31661807
1439116
298353
2654397
3239144
3772314
701748
264208
249697
52214298
40019995
52732784
38217557
9095461
40015254
2273873
32572175
561893
762445
15428368
209742
19217645
15411147
11871698
3450878
11917061
80710
44443431
25780396
74658
40674362
6125948
356455
21316089
19654602
490388
33176204
1923385
41994027
44942941
11700133
379540
41607304
1628936
13382312
12189641
53019973
1453216
36602266
2935272
44961127
44676228
663219
21874325
53025509
41875548
